lastAccountName: IamSorry_
timestamps:
  login: 1674403849050
  logout: 1674404616129
  lastteleport: 1674403164051
  kits:
    firework: 1674251074519
ipAddress: 97.108.93.154
logoutlocation:
  world: world
  x: 2027.300000011921
  y: 63.0
  z: -1742.0859965841476
  yaw: 104.635666
  pitch: 31.546032
lastlocation:
  world: world
  x: 61.564590739980574
  y: 59.0
  z: 1057.300000011921
  yaw: 163.72571
  pitch: 40.926266
homes:
  home:
    world: world
    x: 2030.5
    y: 61.0
    z: -1980.5
    yaw: -84.04811
    pitch: 29.862514
