lastAccountName: alex_
timestamps:
  login: 1674092472772
  logout: 1674092725465
ipAddress: 142.127.4.139
logoutlocation:
  world: world
  x: -127.07499998807907
  y: 95.0
  z: 295.85065671892346
  yaw: -17.7
  pitch: 27.900003
