lastAccountName: Mr_Cheese
timestamps:
  login: 1674144986455
  logout: 1674145016430
ipAddress: 104.198.132.255
logoutlocation:
  world: world
  x: -77.1193526246069
  y: 68.0
  z: 289.103593871935
  yaw: 323.10004
  pitch: 19.500002
