lastAccountName: Kirk_KD
timestamps:
  login: 1674404997241
  lastteleport: 1674403248259
  logout: 1674405005517
ipAddress: 174.91.101.230
lastlocation:
  world: world
  x: 263.86796194802776
  y: 65.0
  z: 1501.699999988079
  yaw: -0.09090285
  pitch: -10.27102
logoutlocation:
  world: world
  x: 2031.300000011921
  y: 60.0
  z: -1740.300000011921
  yaw: 154.12196
  pitch: 1.8567705
