lastAccountName: Capitalism2
timestamps:
  login: 1674057252494
  logout: 1674057439437
ipAddress: 35.226.150.196
logoutlocation:
  world: world
  x: -88.56280348447636
  y: 64.0
  z: 154.67250233152825
  yaw: -132.45001
  pitch: 7.5000005
