lastAccountName: EaglEagl874
timestamps:
  login: 1674087016656
  logout: 1674087031052
ipAddress: 142.127.4.139
logoutlocation:
  world: world
  x: -86.24060337117818
  y: 65.0
  z: 134.4647188586518
  yaw: -128.40001
  pitch: 16.800001
