lastAccountName: skatman
timestamps:
  login: 1674144907756
  logout: 1674144926154
ipAddress: 34.72.242.55
logoutlocation:
  world: world
  x: -119.48390145170589
  y: 82.0
  z: 290.61251218227187
  yaw: 73.46139
  pitch: 18.233786
