lastAccountName: Racism_Gaming
timestamps:
  login: 1674145026160
  logout: 1674145145427
ipAddress: 34.72.242.55
logoutlocation:
  world: world
  x: 229.53677250832507
  y: 75.0
  z: 431.6469886963363
  yaw: 257.25003
  pitch: 13.950002
