world: world
x: -142.76007282919187
y: 24.0
z: 133.45241638668355
yaw: -131.72845
pitch: 43.349995
name: skeleton
