world: world
x: -140.30000001192093
y: 17.0
z: 133.30000001192093
yaw: 35.97156
pitch: 36.749996
name: skeleton
