world: world
x: -91.99107549970755
y: 199.0
z: 184.09154717627328
yaw: -351.60007
pitch: 25.650011
name: sky
