world: world
x: 1903.686965875045
y: 94.0
z: 2065.8064391615417
yaw: 161.85004
pitch: 52.800014
name: soon
