world: world
x: -97.44828339792873
y: 64.0
z: 162.5
yaw: -0.75000006
pitch: 1.5000001
name: spawn
