world: world
x: -87.28906807012
y: 69.0
z: 105.34423139985931
yaw: 120.450195
pitch: 28.500002
name: trade
