world: world
x: -141.64935004873425
y: 17.0
z: 133.79427893552418
yaw: 3.3000183
pitch: -7.9500012
name: skeleton
