world: world
x: 1903.699999988079
y: 94.0
z: 2065.300000011921
yaw: -54.90002
pitch: 27.300001
name: soon
