world: world
x: -97.80432501228142
y: 64.0
z: 162.69999998807907
yaw: -3.0000157
pitch: 21.45
name: spawn
