world: world
x: -86.5
y: 69.0
z: 105.5
yaw: -7.200012
pitch: 18.300001
name: trade
