timestamps:
  login: 1651858740471
  lastteleport: 1651860785879
ipAddress: 127.0.0.1
lastlocation:
  world: world
  x: -100.06498415660387
  y: 64.0
  z: 152.2515380105027
  yaw: 188.40002
  pitch: 0.45000005
homes:
  home:
    world: world
    x: 228.95505291268276
    y: 63.0
    z: 414.220244394827
    yaw: 80.8501
    pitch: 24.299994
afk: false
