timestamps:
  login: 1653066365165
  logout: 1653067157766
ipAddress: 127.0.0.1
lastlocation:
  world: world
  x: -340.5134662149327
  y: 51.0
  z: 220.30000001192093
  yaw: -222.45026
  pitch: 65.100006
nickname: cole
logoutlocation:
  world: world
  x: -35.13450897298943
  y: 89.0
  z: -66.27137626113672
  yaw: -290.8506
  pitch: 76.35
