timestamps:
  login: 1652109572334
  logout: 1652109583889
ipAddress: 127.0.0.1
lastlocation:
  world: world
  x: -81.5
  y: 64.0
  z: 154.5
  yaw: 0.0
  pitch: 0.0
logoutlocation:
  world: world
  x: -105.10581989119437
  y: 64.0
  z: 164.81721142625435
  yaw: -161.6371
  pitch: -24.850025
