timestamps:
  login: 1652298567915
  lastteleport: 1652298773724
  logout: 1652298779288
ipAddress: 127.0.0.1
lastlocation:
  world: world
  x: -95.99543410225954
  y: 66.0
  z: 163.69999998807907
  yaw: -46.050003
  pitch: 49.200005
logoutlocation:
  world: world
  x: -96.60308044481327
  y: 65.0
  z: 163.69999998807907
  yaw: -60.750004
  pitch: 58.200005
