timestamps:
  login: 1654266244844
  logout: 1654266598832
ipAddress: 127.0.0.1
lastlocation:
  world: world
  x: -142.69999998807907
  y: 1.0
  z: 129.69999998807907
  yaw: -13.350037
  pitch: -0.4500098
logoutlocation:
  world: world_nether
  x: -22.69999998807907
  y: 37.0
  z: 14.629441688619965
  yaw: 68.999985
  pitch: 14.400002
