timestamps:
  login: 1652804159505
  lastteleport: 1652804403215
  kits:
    jungle: 1652804165321
  logout: 1652805129390
ipAddress: 127.0.0.1
lastlocation:
  world: world
  x: 33.577126765118294
  y: 25.0
  z: 467.62601368568664
  yaw: -149.21233
  pitch: 27.543745
logoutlocation:
  world: world
  x: -132.94200070209166
  y: 95.0
  z: 282.539357501639
  yaw: -42.543755
  pitch: -44.549995
