timestamps:
  login: 1652368779039
  logout: 1652368850917
ipAddress: 127.0.0.1
lastlocation:
  world: world
  x: -112.5
  y: 64.0
  z: 146.5
  yaw: 0.0
  pitch: 0.0
logoutlocation:
  world: world
  x: 46.1966582400216
  y: 63.0
  z: -21.240686883268655
  yaw: 126.29993
  pitch: 71.25
