timestamps:
  login: 1656451198557
  logout: 1656451912729
ipAddress: 127.0.0.1
lastlocation:
  world: world
  x: 17.006717274733546
  y: 63.0
  z: 153.21910099974062
  yaw: 69.00001
  pitch: 15.300001
logoutlocation:
  world: world
  x: -111.30000001192093
  y: 62.0
  z: 259.70774873433277
  yaw: -98.25003
  pitch: -16.35001
