timestamps:
  login: 1651854688973
  logout: 1651854708259
ipAddress: 127.0.0.1
lastlocation:
  world: world
  x: -99.5
  y: 68.0
  z: 173.5
  yaw: 0.0
  pitch: 0.0
logoutlocation:
  world: world
  x: -98.5
  y: 64.0
  z: 162.5
  yaw: 89.700005
  pitch: 10.950001
