timestamps:
  login: 1651854665765
  logout: 1651854670761
ipAddress: 127.0.0.1
lastlocation:
  world: world
  x: -88.5
  y: 71.0
  z: 180.5
  yaw: 0.0
  pitch: 0.0
logoutlocation:
  world: world
  x: -98.5
  y: 64.0
  z: 162.5
  yaw: 1.3500001
  pitch: -0.15000002
