timestamps:
  login: 1652894182673
  lastteleport: 1652894259691
  logout: 1652894396724
ipAddress: 127.0.0.1
lastlocation:
  world: world
  x: -123.52334905406072
  y: 71.0
  z: 219.13783536672886
  yaw: -154.80002
  pitch: 3.0000002
logoutlocation:
  world: world
  x: -90.8120797880508
  y: 64.0
  z: 158.60319416557695
  yaw: -189.60002
  pitch: 6.0000005
nickname: Noah
