timestamps:
  login: 1653065905320
  logout: 1653067107090
ipAddress: 127.0.0.1
lastlocation:
  world: world
  x: -233.03792776578425
  y: 59.0
  z: 296.4050162341774
  yaw: 326.55017
  pitch: 19.649994
logoutlocation:
  world: world
  x: 166.2345550796397
  y: 63.0
  z: -199.30903533524219
  yaw: 245.09998
  pitch: 51.599995
