timestamps:
  login: 1652974300619
  lastteleport: 1652889362452
  kits:
    jungle: 1652889421433
  logout: 1652974959706
ipAddress: 127.0.0.1
lastlocation:
  world: world
  x: 2103.1817863883502
  y: 64.0
  z: 2263.775245077277
  yaw: -8.099731
  pitch: 19.799992
nickname: devin
logoutlocation:
  world: world
  x: -452.3288542930522
  y: 50.0
  z: 154.69999998807907
  yaw: 222.4502
  pitch: -60.600014
