timestamps:
  login: 1654528635574
  logout: 1654528715634
ipAddress: 127.0.0.1
lastlocation:
  world: world
  x: -87.5
  y: 64.0
  z: 144.5
  yaw: 0.0
  pitch: 0.0
logoutlocation:
  world: world
  x: -124.30000001192093
  y: 65.0
  z: 157.60578676109517
  yaw: 190.50002
  pitch: 23.1
