timestamps:
  login: 1653063712111
  lastteleport: 1653060387849
  logout: 1653063744752
ipAddress: 127.0.0.1
lastlocation:
  world: world
  x: 1914.242376924554
  y: 66.0
  z: 2059.8806210520634
  yaw: 10.050049
  pitch: 90.0
logoutlocation:
  world: world
  x: -27.525194419580323
  y: 64.0
  z: 176.7405644084243
  yaw: 38.250397
  pitch: 44.549995
