timestamps:
  login: 1652111757387
  logout: 1652111781598
ipAddress: 127.0.0.1
lastlocation:
  world: world
  x: -96.5
  y: 67.0
  z: 171.5
  yaw: 0.0
  pitch: 0.0
logoutlocation:
  world: world
  x: -85.55575951969472
  y: 63.0
  z: 157.55556704142307
  yaw: 112.35004
  pitch: 12.599993
