timestamps:
  login: 1652894200066
  lastteleport: 1652893679808
  logout: 1652894332156
ipAddress: 127.0.0.1
lastlocation:
  world: world
  x: -1011.3258079700336
  y: 69.0
  z: 513.7181192793196
  yaw: 209.92708
  pitch: 30.083162
homes:
  home:
    world: world
    x: -1011.1559602709685
    y: 69.0
    z: 519.7814340730333
    yaw: 209.92708
    pitch: 30.083162
logoutlocation:
  world: world
  x: -1495.305988501848
  y: 67.0
  z: 437.9681917970107
  yaw: 105.98522
  pitch: 25.867914
