timestamps:
  login: 1653587602009
  lastteleport: 1653588133975
  kits:
    jungle: 1653588127263
  logout: 1653589469765
ipAddress: 127.0.0.1
lastlocation:
  world: world
  x: 1903.8925210172124
  y: 94.0
  z: 2064.079820758422
  yaw: 199.65004
  pitch: 33.450012
logoutlocation:
  world: world
  x: 1900.1483291972631
  y: 57.113638455886374
  z: 2129.9177579549428
  yaw: 197.15674
  pitch: -5.7000084
afk: false
homes:
  home:
    world: world
    x: 1898.8455509025025
    y: 64.0
    z: 2117.4323404710626
    yaw: 349.8001
    pitch: 11.400009
