timestamps:
  login: 1652807185467
ipAddress: 127.0.0.1
lastlocation:
  world: world
  x: -98.84105158738784
  y: 64.0
  z: 161.94993851579744
  yaw: -85.50001
  pitch: -39.899994
