timestamps:
  login: 1652800641889
  lastteleport: 1652801223152
  logout: 1652801293989
ipAddress: 127.0.0.1
lastlocation:
  world: world
  x: -37.79859654154711
  y: 68.0
  z: 272.60909820537233
  yaw: -36.00003
  pitch: 9.300009
logoutlocation:
  world: world
  x: -100.86429991541067
  y: 66.0
  z: 201.69999998807904
  yaw: 70.50001
  pitch: 5.9999924
