timestamps:
  login: 1656001530860
  logout: 1656001523865
ipAddress: 127.0.0.1
lastlocation:
  world: world
  x: -80.5
  y: 64.0
  z: 152.5
  yaw: 0.0
  pitch: 0.0
logoutlocation:
  world: world
  x: -105.72409152447301
  y: 67.0
  z: 171.69999998807907
  yaw: 15.750001
  pitch: 4.3500004
