timestamps:
  login: 1653066622049
  lastteleport: 1653067027480
  logout: 1653067131550
ipAddress: 127.0.0.1
lastlocation:
  world: world
  x: -88.14857016273857
  y: 69.0
  z: 104.97969317633888
  yaw: 344.4002
  pitch: -1.9500008
logoutlocation:
  world: world
  x: -128.68337061721112
  y: 95.0
  z: 294.3429378923579
  yaw: 89.70007
  pitch: 1.349992
