timestamps:
  login: 1652890779062
  logout: 1652891638897
ipAddress: 127.0.0.1
lastlocation:
  world: world
  x: -148.91829188653531
  y: 71.0
  z: 193.76067134395018
  yaw: 90.00001
  pitch: 15.900002
nickname: kate
logoutlocation:
  world: world
  x: -397.30000001192093
  y: 72.0
  z: 97.30000001192091
  yaw: 1.5006104
  pitch: 23.549994
