timestamps:
  login: 1651849083572
  lastteleport: 1651846917035
  logout: 1651849952775
ipAddress: 127.0.0.1
lastlocation:
  world: world
  x: -99.0266924676693
  y: 48.0
  z: 246.73069388068512
  yaw: 32.87772
  pitch: 6.1252184
homes:
  home:
    world: world
    x: -114.45444935710508
    y: 82.0
    z: 285.34001290139406
    yaw: 158.41182
    pitch: -28.429398
logoutlocation:
  world: world
  x: -476.61928628660615
  y: 11.0
  z: 223.30770170410167
  yaw: 89.75223
  pitch: 29.414068
nickname: Afnan
