timestamps:
  login: 1651849064579
  logout: 1651849934698
ipAddress: 127.0.0.1
lastlocation:
  world: world
  x: -104.5
  y: 64.0
  z: 156.5
  yaw: 0.0
  pitch: 0.0
nickname: Elijah
logoutlocation:
  world: world
  x: 402.33203326446517
  y: 12.0
  z: 366.5585911972457
  yaw: -178.50015
  pitch: 15.749993
