timestamps:
  login: 1652805733362
  logout: 1652806195270
  lastteleport: 1652805828650
ipAddress: 127.0.0.1
lastlocation:
  world: world
  x: -94.54693079232717
  y: 69.0
  z: 106.45527537948614
  yaw: 119.512695
  pitch: 8.26875
nickname: Elijah
logoutlocation:
  world: world
  x: -144.76034376800465
  y: 80.5
  z: 69.08624195965724
  yaw: -232.68756
  pitch: -48.600014
