timestamps:
  login: 1651856391076
  lastteleport: 1651856912963
  logout: 1651857604365
ipAddress: 127.0.0.1
lastlocation:
  world: world
  x: -11.65276283910624
  y: 77.0
  z: 394.0883099699198
  yaw: -228.93756
  pitch: 18.15001
logoutlocation:
  world: world
  x: -646.4533393994245
  y: 72.0
  z: -236.71622994248918
  yaw: -352.10608
  pitch: -1.2000082
