timestamps:
  login: 1652286830742
  lastteleport: 1652111926972
  logout: 1652288868659
ipAddress: 127.0.0.1
lastlocation:
  world: world
  x: -96.83465567094038
  y: 64.0
  z: 160.34916193676497
  yaw: 7.6500006
  pitch: 4.3500013
logoutlocation:
  world: world
  x: -321.00725373890873
  y: 65.0
  z: 205.9566045121574
  yaw: -144.14967
  pitch: 23.849995
