timestamps:
  login: 1651849064668
  lastteleport: 1651846256440
  logout: 1651850046873
ipAddress: 127.0.0.1
lastlocation:
  world: world
  x: -90.2782225921052
  y: 64.0
  z: 167.5375175817339
  yaw: 3.000061
  pitch: -16.800001
logoutlocation:
  world: world
  x: -62.69310871522531
  y: 11.0
  z: 136.41966216973523
  yaw: 282.35324
  pitch: -4.7982817
