timestamps:
  login: 1652199847866
  logout: 1652199866522
ipAddress: 127.0.0.1
lastlocation:
  world: world
  x: -87.5
  y: 199.0
  z: 165.5
  yaw: 0.0
  pitch: 0.0
logoutlocation:
  world: world
  x: -98.5
  y: 64.0
  z: 162.5
  yaw: 131.25002
  pitch: 18.000002
