timestamps:
  login: 1653582539851
  lastteleport: 1653582853141
  logout: 1653583002273
  kits:
    jungle: 1652892140674
ipAddress: 127.0.0.1
lastlocation:
  world: world
  x: -109.30000001192091
  y: 72.0
  z: 279.69999998807907
  yaw: 306.15015
  pitch: 28.650011
homes:
  home:
    world: world
    x: -57.022038723783844
    y: 78.0
    z: 444.83991334472023
    yaw: 283.1999
    pitch: -9.450006
logoutlocation:
  world: world
  x: -50.36189170401522
  y: 78.0
  z: 429.8575856713356
  yaw: 168.1499
  pitch: 21.749998
afk: false
