timestamps:
  login: 1653068212322
  logout: 1653068265266
ipAddress: 127.0.0.1
lastlocation:
  world: world
  x: -81.5
  y: 64.0
  z: 155.5
  yaw: 0.0
  pitch: 0.0
logoutlocation:
  world: world
  x: -91.13996646760776
  y: 69.0
  z: 102.04901130782605
  yaw: -185.25002
  pitch: -27.600002
