timestamps:
  login: 1653064045357
  lastteleport: 1652803849469
  logout: 1653064059874
ipAddress: 127.0.0.1
lastlocation:
  world: world
  x: -221.31789359509236
  y: 55.0
  z: 436.30000001192093
  yaw: -215.96281
  pitch: 62.849995
nickname: nathan
logoutlocation:
  world: world
  x: -114.42362809014368
  y: 83.0
  z: 342.6999999880791
  yaw: 19.105984
  pitch: 83.1
