timestamps:
  login: 1652292609418
  logout: 1652292702008
ipAddress: 127.0.0.1
lastlocation:
  world: world
  x: -128.09203173292482
  y: 83.0
  z: 271.87686476583406
  yaw: 242.40002
  pitch: 42.449997
logoutlocation:
  world: world
  x: -102.30000001192093
  y: 63.875
  z: 258.30000001192093
  yaw: 64.80009
  pitch: 61.050014
homes:
  home:
    world: world
    x: -102.30000001192093
    y: 63.875
    z: 258.31659888649506
    yaw: 59.700096
    pitch: 8.399993
