lastlocation:
  world: world
  x: -101.5
  y: 64.0
  z: 145.5
  yaw: 0.0
  pitch: 0.0
timestamps:
  login: 1651854597881
  logout: 1651854605759
ipAddress: 127.0.0.1
logoutlocation:
  world: world
  x: -98.5
  y: 64.0
  z: 162.5
  yaw: 24.300003
  pitch: -4.5000005
