timestamps:
  login: 1654015854504
  logout: 1653669711041
  lastteleport: 1654015926224
ipAddress: 127.0.0.1
lastlocation:
  world: world
  x: -98.06814187796338
  y: 64.0
  z: 161.1981309217832
  yaw: -35.881012
  pitch: 0.51405466
homes:
  home:
    world: world
    x: 213.4324795796341
    y: 62.0
    z: -6.468475706486608
    yaw: 217.61255
    pitch: 37.068764
logoutlocation:
  world: world
  x: -149.66301536533362
  y: 65.0
  z: 121.50336364324228
  yaw: -55.673584
  pitch: 5.0909195
afk: false
