timestamps:
  login: 1651856051666
  logout: 1651857604365
ipAddress: 127.0.0.1
lastlocation:
  world: world
  x: -90.5
  y: 64.0
  z: 143.5
  yaw: 0.0
  pitch: 0.0
homes:
  home:
    world: world
    x: 213.4324795796341
    y: 62.0
    z: -6.468475706486608
    yaw: 217.61255
    pitch: 37.068764
logoutlocation:
  world: world
  x: 211.30000001192093
  y: 62.0
  z: -0.791712587354997
  yaw: 64.9126
  pitch: 53.568764
