timestamps:
  login: 1652801200583
  lastteleport: 1652801403913
  kits:
    jungle: 1652798175850
  logout: 1652801448989
ipAddress: 127.0.0.1
lastlocation:
  world: world
  x: -99.0
  y: 64.0
  z: 162.0
  yaw: 0.0
  pitch: 0.0
logoutlocation:
  world: world
  x: -145.48169144081348
  y: 72.0
  z: 253.56886637524113
  yaw: 8.399989
  pitch: 4.0499935
