timestamps:
  login: 1654015737694
  logout: 1654015375657
  lastteleport: 1654015877087
  kits:
    jungle: 1653496819659
ipAddress: 127.0.0.1
lastlocation:
  world: world
  x: 78.71169069651202
  y: 81.89110900087954
  z: -112.46753280347308
  yaw: 77.55005
  pitch: 46.199997
homes:
  home:
    world: world
    x: 229.99309324510148
    y: 63.0
    z: 410.41767226485604
    yaw: 202.20006
    pitch: 1.0499921
logoutlocation:
  world: world
  x: 23.202761378070768
  y: 41.71654702938581
  z: -199.2155970091963
  yaw: -33.300037
  pitch: 38.699997
afk: false
