timestamps:
  login: 1651856293060
  logout: 1651857677374
ipAddress: 127.0.0.1
lastlocation:
  world: world
  x: -117.5
  y: 64.0
  z: 162.5
  yaw: 0.0
  pitch: 0.0
homes:
  home:
    world: world
    x: 229.99309324510148
    y: 63.0
    z: 410.41767226485604
    yaw: 202.20006
    pitch: 1.0499921
logoutlocation:
  world: world
  x: 242.69999998807907
  y: 56.0
  z: 425.30000001192093
  yaw: 64.80029
  pitch: 10.949992
