timestamps:
  login: 1652806654812
  logout: 1652806881698
ipAddress: 127.0.0.1
lastlocation:
  world: world
  x: -93.5
  y: 64.0
  z: 148.5
  yaw: 0.0
  pitch: 0.0
logoutlocation:
  world: world
  x: -127.12544133646966
  y: 64.0
  z: 129.70281527457684
  yaw: -238.05011
  pitch: -10.200009
