timestamps:
  login: 1652811774575
  logout: 1652812077390
ipAddress: 127.0.0.1
lastlocation:
  world: world
  x: -138.8604376764049
  y: 50.0
  z: 117.11466753249181
  yaw: 351.90015
  pitch: 39.600002
logoutlocation:
  world: world
  x: -138.73908498865694
  y: 50.0
  z: 118.261669797704
  yaw: 351.4502
  pitch: 40.200005
