timestamps:
  login: 1662641692004
  lastteleport: 1662641882919
  logout: 1662641897592
ipAddress: 127.0.0.1
lastlocation:
  world: world
  x: -130.94873007803886
  y: 97.0
  z: 293.30000001192093
  yaw: 196.66772
  pitch: -36.399364
homes:
  home:
    world: world
    x: -116.51106066119245
    y: 82.0
    z: 288.36768857881054
    yaw: 165.68063
    pitch: 88.43328
logoutlocation:
  world: world
  x: -91.56330480949607
  y: 199.0
  z: 190.480317110554
  yaw: -340.22018
  pitch: 58.86695
