timestamps:
  login: 1652212210405
  lastteleport: 1652212272218
  logout: 1652212417503
ipAddress: 127.0.0.1
lastlocation:
  world: world
  x: -97.58446379344441
  y: 64.0
  z: 162.2353019612542
  yaw: -332.40002
  pitch: -1.0500001
logoutlocation:
  world: world
  x: 1944.6809158703195
  y: 64.0
  z: 1999.1809747062398
  yaw: 245.8501
  pitch: 16.20001
