timestamps:
  login: 1652802026004
  logout: 1652802028993
ipAddress: 127.0.0.1
lastlocation:
  world: world
  x: -103.5
  y: 67.0
  z: 171.5
  yaw: 0.0
  pitch: 0.0
logoutlocation:
  world: world
  x: -99.32404338641105
  y: 64.0
  z: 162.16666333456484
  yaw: -112.80001
  pitch: 17.250002
