timestamps:
  login: 1652469843282
  logout: 1652470221104
ipAddress: 127.0.0.1
lastlocation:
  world: world
  x: -100.22261191819919
  y: 67.0
  z: 121.96592668679143
  yaw: 29.579912
  pitch: 12.169168
logoutlocation:
  world: world
  x: -99.0
  y: 64.0
  z: 162.0
  yaw: -39.64967
  pitch: -64.19625
