timestamps:
  login: 1653086915029
  lastteleport: 1653087770142
  logout: 1653088117370
ipAddress: 127.0.0.1
lastlocation:
  world: world
  x: -1101.0031929885133
  y: 72.0
  z: 549.3824952539557
  yaw: 184.20557
  pitch: 35.281414
logoutlocation:
  world: world
  x: -1163.8279991366087
  y: 35.0
  z: 458.42637729837554
  yaw: 293.06665
  pitch: 22.911366
homes:
  home:
    world: world
    x: -1176.9971154860511
    y: 31.0
    z: 451.0000236202044
    yaw: 211.10645
    pitch: 26.086971
