timestamps:
  login: 1652798582058
  lastteleport: 1652798624213
  logout: 1652798648989
ipAddress: 127.0.0.1
lastlocation:
  world: world
  x: -91.00908699276621
  y: 84.0
  z: 202.2396335559488
  yaw: -346.8001
  pitch: 84.000015
logoutlocation:
  world: world
  x: -97.40806468522362
  y: 64.0
  z: 161.99514394851218
  yaw: -90.00001
  pitch: -11.250001
