timestamps:
  login: 1653669746422
  lastteleport: 1653669832404
ipAddress: 127.0.0.1
lastlocation:
  world: world
  x: -92.33978734746455
  y: 80.0
  z: 196.24951495964672
  yaw: -190.65015
  pitch: -84.15
logoutlocation:
  world: world
  x: -127.07057734816003
  y: 69.0
  z: 201.62771162705647
  yaw: 1.4999655
  pitch: 14.999993
