timestamps:
  login: 1652292471780
  logout: 1652292476336
ipAddress: 127.0.0.1
lastlocation:
  world: world
  x: -85.5
  y: 210.0
  z: 167.5
  yaw: 0.0
  pitch: 0.0
logoutlocation:
  world: world
  x: -98.5
  y: 64.0
  z: 162.5
  yaw: 72.90001
  pitch: 40.950005
