timestamps:
  login: 1653928933508
  lastteleport: 1653929243554
  logout: 1653929259607
ipAddress: 127.0.0.1
lastlocation:
  world: world
  x: -138.23517103238248
  y: 47.0
  z: 218.26226105018833
  yaw: 244.97891
  pitch: 52.51875
logoutlocation:
  world: world
  x: -142.48562364655348
  y: 95.0
  z: 296.4236387486416
  yaw: -188.80238
  pitch: 21.899992
afk: false
nickname: scott
homes:
  home:
    world: world
    x: -135.39422307690214
    y: 96.0
    z: 290.9917034752049
    yaw: -267.25238
    pitch: 33.00001
