timestamps:
  login: 1652374349398
  logout: 1652116157942
ipAddress: 127.0.0.1
lastlocation:
  world: world
  x: -82.5
  y: 64.0
  z: 152.5
  yaw: 0.0
  pitch: 0.0
logoutlocation:
  world: world
  x: -98.5
  y: 64.0
  z: 162.5
  yaw: 2.5500004
  pitch: -7.8000007
