timestamps:
  login: 1653410247131
  lastteleport: 1653410259540
  logout: 1653410829073
ipAddress: 127.0.0.1
lastlocation:
  world: world
  x: -33.69999998807907
  y: 8.305513135462707
  z: 344.3167612914222
  yaw: 132.44998
  pitch: 42.449997
logoutlocation:
  world: world
  x: -99.0
  y: 64.0
  z: 162.0
  yaw: 92.25001
  pitch: -36.600002
