timestamps:
  login: 1652465641449
  lastteleport: 1652466430273
  logout: 1652467201083
ipAddress: 127.0.0.1
lastlocation:
  world: world
  x: -108.04231948246381
  y: 64.42527412219724
  z: 258.1106431811264
  yaw: -94.20004
  pitch: 21.149994
logoutlocation:
  world: world
  x: -61.961596363107134
  y: 66.0
  z: 148.18569287396016
  yaw: -154.05005
  pitch: 89.850006
