timestamps:
  login: 1652459101617
  logout: 1652459204367
ipAddress: 127.0.0.1
lastlocation:
  world: world
  x: -99.5
  y: 64.0
  z: 148.5
  yaw: 0.0
  pitch: 0.0
logoutlocation:
  world: world
  x: -100.80975656028296
  y: 71.0
  z: 200.3044358923003
  yaw: -1.500061
  pitch: 3.5999923
