timestamps:
  login: 1651856007477
ipAddress: 127.0.0.1
lastlocation:
  world: world
  x: -90.5
  y: 64.0
  z: 161.5
  yaw: 0.0
  pitch: 0.0
logoutlocation:
  world: world
  x: -98.5
  y: 64.0
  z: 162.5
  yaw: 43.350002
  pitch: -60.900005
