timestamps:
  login: 1656086601127
  logout: 1656088307823
  lastteleport: 1656088301394
ipAddress: 127.0.0.1
lastlocation:
  world: world
  x: -115.40357135108793
  y: 68.0
  z: 169.24373748631243
  yaw: 51.600037
  pitch: 11.250001
nickname: Noah
logoutlocation:
  world: world
  x: -165.61006308788117
  y: 69.0
  z: 275.9081083055362
  yaw: -51.600037
  pitch: -58.200012
